! ---------- grain boundary energy, gamma [J/m2]
0.0 0.5 0.5 0.5 0.5 0.5 0.5 0.5 0.5 0.5  0.5 0.5 0.5 0.5 0.5 0.5 ! gamma11,..., gamma1(GNP-1)
0.5 0.0 0.5 0.5 0.5 0.5 0.5 0.5 0.5 0.5  0.5 0.5 0.5 0.5 0.5 0.5 !
0.5 0.5 0.0 0.5 0.5 0.5 0.5 0.5 0.5 0.5  0.5 0.5 0.5 0.5 0.5 0.5 !
0.5 0.5 0.5 0.0 0.5 0.5 0.5 0.5 0.5 0.5  0.5 0.5 0.5 0.5 0.5 0.5 !
0.5 0.5 0.5 0.5 0.0 0.5 0.5 0.5 0.5 0.5  0.5 0.5 0.5 0.5 0.5 0.5 !
0.5 0.5 0.5 0.5 0.5 0.0 0.5 0.5 0.5 0.5  0.5 0.5 0.5 0.5 0.5 0.5 !
0.5 0.5 0.5 0.5 0.5 0.5 0.0 0.5 0.5 0.5  0.5 0.5 0.5 0.5 0.5 0.5 !
0.5 0.5 0.5 0.5 0.5 0.5 0.5 0.0 0.5 0.5  0.5 0.5 0.5 0.5 0.5 0.5 !
0.5 0.5 0.5 0.5 0.5 0.5 0.5 0.5 0.0 0.5  0.5 0.5 0.5 0.5 0.5 0.5 !
0.5 0.5 0.5 0.5 0.5 0.5 0.5 0.5 0.5 0.0  0.5 0.5 0.5 0.5 0.5 0.5 !
0.5 0.5 0.5 0.5 0.5 0.5 0.5 0.5 0.5 0.5  0.0 0.5 0.5 0.5 0.5 0.5 !
0.5 0.5 0.5 0.5 0.5 0.5 0.5 0.5 0.5 0.5  0.5 0.0 0.5 0.5 0.5 0.5 !
0.5 0.5 0.5 0.5 0.5 0.5 0.5 0.5 0.5 0.5  0.5 0.5 0.0 0.5 0.5 0.5 !
0.5 0.5 0.5 0.5 0.5 0.5 0.5 0.5 0.5 0.5  0.5 0.5 0.5 0.0 0.5 0.5 !
0.5 0.5 0.5 0.5 0.5 0.5 0.5 0.5 0.5 0.5  0.5 0.5 0.5 0.5 0.0 0.5 ! lower triangular matrix is dummy
0.5 0.5 0.5 0.5 0.5 0.5 0.5 0.5 0.5 0.5  0.5 0.5 0.5 0.5 0.5 0.0 ! gamma(GNP-1)1,...,gamma(GNP-1)(GNP-1)
! ---------- Atomic mobility constant, amobi
0.0 0.0 0.0 0.0 0.0 0.0 0.0 0.0 0.0 0.0  0.0 0.0 0.0 0.0 0.0 1.0 ! amobi11,..., amobi1(GNP-1)
0.0 0.0 0.0 0.0 0.0 0.0 0.0 0.0 0.0 0.0  0.0 0.0 0.0 0.0 0.0 1.0 !
0.0 0.0 0.0 0.0 0.0 0.0 0.0 0.0 0.0 0.0  0.0 0.0 0.0 0.0 0.0 1.0 !
0.0 0.0 0.0 0.0 0.0 0.0 0.0 0.0 0.0 0.0  0.0 0.0 0.0 0.0 0.0 1.0 !
0.0 0.0 0.0 0.0 0.0 0.0 0.0 0.0 0.0 0.0  0.0 0.0 0.0 0.0 0.0 1.0 !
0.0 0.0 0.0 0.0 0.0 0.0 0.0 0.0 0.0 0.0  0.0 0.0 0.0 0.0 0.0 1.0 !
0.0 0.0 0.0 0.0 0.0 0.0 0.0 0.0 0.0 0.0  0.0 0.0 0.0 0.0 0.0 1.0 !
0.0 0.0 0.0 0.0 0.0 0.0 0.0 0.0 0.0 0.0  0.0 0.0 0.0 0.0 0.0 1.0 !
0.0 0.0 0.0 0.0 0.0 0.0 0.0 0.0 0.0 0.0  0.0 0.0 0.0 0.0 0.0 1.0 !
0.0 0.0 0.0 0.0 0.0 0.0 0.0 0.0 0.0 0.0  0.0 0.0 0.0 0.0 0.0 1.0 !
0.0 0.0 0.0 0.0 0.0 0.0 0.0 0.0 0.0 0.0  0.0 0.0 0.0 0.0 0.0 1.0 !
0.0 0.0 0.0 0.0 0.0 0.0 0.0 0.0 0.0 0.0  0.0 0.0 0.0 0.0 0.0 1.0 !
0.0 0.0 0.0 0.0 0.0 0.0 0.0 0.0 0.0 0.0  0.0 0.0 0.0 0.0 0.0 1.0 !
0.0 0.0 0.0 0.0 0.0 0.0 0.0 0.0 0.0 0.0  0.0 0.0 0.0 0.0 0.0 1.0 !
0.0 0.0 0.0 0.0 0.0 0.0 0.0 0.0 0.0 0.0  0.0 0.0 0.0 0.0 0.0 1.0 ! lower triangular matrix is dummy
1.0 1.0 1.0 1.0 1.0 1.0 1.0 1.0 1.0 1.0  1.0 1.0 1.0 1.0 1.0 0.0 ! amobi(GNP-1)1,...amobi(GNP-1)(GNP-1)
! ---------- interatomic interaction, E0 [J/mol]
 0.0  0.0  0.0  0.0  0.0  0.0  0.0  0.0  0.0  0.0   0.0  0.0  0.0  0.0  0.0  5e2 ! E011,..., E01(GNP-1)
 0.0  0.0  0.0  0.0  0.0  0.0  0.0  0.0  0.0  0.0   0.0  0.0  0.0  0.0  0.0  5e2 !
 0.0  0.0  0.0  0.0  0.0  0.0  0.0  0.0  0.0  0.0   0.0  0.0  0.0  0.0  0.0  5e2 !
 0.0  0.0  0.0  0.0  0.0  0.0  0.0  0.0  0.0  0.0   0.0  0.0  0.0  0.0  0.0  5e2 !
 0.0  0.0  0.0  0.0  0.0  0.0  0.0  0.0  0.0  0.0   0.0  0.0  0.0  0.0  0.0  5e2 !
 0.0  0.0  0.0  0.0  0.0  0.0  0.0  0.0  0.0  0.0   0.0  0.0  0.0  0.0  0.0  5e2 !
 0.0  0.0  0.0  0.0  0.0  0.0  0.0  0.0  0.0  0.0   0.0  0.0  0.0  0.0  0.0  5e2 !
 0.0  0.0  0.0  0.0  0.0  0.0  0.0  0.0  0.0  0.0   0.0  0.0  0.0  0.0  0.0  5e2 !
 0.0  0.0  0.0  0.0  0.0  0.0  0.0  0.0  0.0  0.0   0.0  0.0  0.0  0.0  0.0  5e2 !
 0.0  0.0  0.0  0.0  0.0  0.0  0.0  0.0  0.0  0.0   0.0  0.0  0.0  0.0  0.0  5e2 !
 0.0  0.0  0.0  0.0  0.0  0.0  0.0  0.0  0.0  0.0   0.0  0.0  0.0  0.0  0.0  5e2 !
 0.0  0.0  0.0  0.0  0.0  0.0  0.0  0.0  0.0  0.0   0.0  0.0  0.0  0.0  0.0  5e2 !
 0.0  0.0  0.0  0.0  0.0  0.0  0.0  0.0  0.0  0.0   0.0  0.0  0.0  0.0  0.0  5e2 !
 0.0  0.0  0.0  0.0  0.0  0.0  0.0  0.0  0.0  0.0   0.0  0.0  0.0  0.0  0.0  5e2 !
 0.0  0.0  0.0  0.0  0.0  0.0  0.0  0.0  0.0  0.0   0.0  0.0  0.0  0.0  0.0  5e2 !lower triangular matrix is dummy
-5e2 -5e2 -5e2 -5e2 -5e2 -5e2 -5e2 -5e2 -5e2 -5e2  -5e2 -5e2 -5e2 -5e2 -5e2  0.0 ! E0(GNP-1)1,...,E0(GNP-1)(GNP-1)
! ---------- end
