! ---------- grain boundary energy, gamma [J/m2]
0.0 0.5 0.5 0.5 0.5 0.5 0.5 0.5 0.5 0.5  0.5 0.5 0.5 0.5 0.5 0.5 ! gamma11,..., gamma1(GNP-1)
0.5 0.0 0.5 0.5 0.5 0.5 0.5 0.5 0.5 0.5  0.5 0.5 0.5 0.5 0.5 0.5 ! gamma2X
0.5 0.5 0.0 0.5 0.5 0.5 0.5 0.5 0.5 0.5  0.5 0.5 0.5 0.5 0.5 0.5 ! gamma3X
0.5 0.5 0.5 0.0 0.5 0.5 0.5 0.5 0.5 0.5  0.5 0.5 0.5 0.5 0.5 0.5 ! gamma4X
0.5 0.5 0.5 0.5 0.0 0.5 0.5 0.5 0.5 0.5  0.5 0.5 0.5 0.5 0.5 0.5 ! gamma5X
0.5 0.5 0.5 0.5 0.5 0.0 0.5 0.5 0.5 0.5  0.5 0.5 0.5 0.5 0.5 0.5 ! gamma6X
0.5 0.5 0.5 0.5 0.5 0.5 0.0 0.5 0.5 0.5  0.5 0.5 0.5 0.5 0.5 0.5 ! gamma7X
0.5 0.5 0.5 0.5 0.5 0.5 0.5 0.0 0.5 0.5  0.5 0.5 0.5 0.5 0.5 0.5 ! gamma8X
0.5 0.5 0.5 0.5 0.5 0.5 0.5 0.5 0.0 0.5  0.5 0.5 0.5 0.5 0.5 0.5 ! gamma9X
0.5 0.5 0.5 0.5 0.5 0.5 0.5 0.5 0.5 0.0  0.5 0.5 0.5 0.5 0.5 0.5 ! gamma10X
0.5 0.5 0.5 0.5 0.5 0.5 0.5 0.5 0.5 0.5  0.0 0.5 0.5 0.5 0.5 0.5 ! gamma11X
0.5 0.5 0.5 0.5 0.5 0.5 0.5 0.5 0.5 0.5  0.5 0.0 0.5 0.5 0.5 0.5 ! gamma12X
0.5 0.5 0.5 0.5 0.5 0.5 0.5 0.5 0.5 0.5  0.5 0.5 0.0 0.5 0.5 0.5 ! gamma13X
0.5 0.5 0.5 0.5 0.5 0.5 0.5 0.5 0.5 0.5  0.5 0.5 0.5 0.0 0.5 0.5 ! gamma14X
0.5 0.5 0.5 0.5 0.5 0.5 0.5 0.5 0.5 0.5  0.5 0.5 0.5 0.5 0.0 0.5 ! lower triangular matrix is dummy
0.5 0.5 0.5 0.5 0.5 0.5 0.5 0.5 0.5 0.5  0.5 0.5 0.5 0.5 0.5 0.0 ! gamma(GNP-1)1,...,gamma(GNP-1)(GNP-1)
! ---------- Atomic mobility constant, amobi
0.0 0.0 0.0 0.0 0.0 0.0 0.0 0.0 0.0 0.0  0.0 0.0 0.0 0.0 0.0 1.0 ! amobi11,..., amobi1(GNP-1)
0.0 0.0 0.0 0.0 0.0 0.0 0.0 0.0 0.0 0.0  0.0 0.0 0.0 0.0 0.0 1.0 ! amobi2X
0.0 0.0 0.0 0.0 0.0 0.0 0.0 0.0 0.0 0.0  0.0 0.0 0.0 0.0 0.0 1.0 ! amobi3X
0.0 0.0 0.0 0.0 0.0 0.0 0.0 0.0 0.0 0.0  0.0 0.0 0.0 0.0 0.0 1.0 ! amobi4X
0.0 0.0 0.0 0.0 0.0 0.0 0.0 0.0 0.0 0.0  0.0 0.0 0.0 0.0 0.0 1.0 ! amobi5X
0.0 0.0 0.0 0.0 0.0 0.0 0.0 0.0 0.0 0.0  0.0 0.0 0.0 0.0 0.0 1.0 ! amobi6X
0.0 0.0 0.0 0.0 0.0 0.0 0.0 0.0 0.0 0.0  0.0 0.0 0.0 0.0 0.0 1.0 ! amobi7X
0.0 0.0 0.0 0.0 0.0 0.0 0.0 0.0 0.0 0.0  0.0 0.0 0.0 0.0 0.0 1.0 ! amobi8X
0.0 0.0 0.0 0.0 0.0 0.0 0.0 0.0 0.0 0.0  0.0 0.0 0.0 0.0 0.0 1.0 ! amobi9X
0.0 0.0 0.0 0.0 0.0 0.0 0.0 0.0 0.0 0.0  0.0 0.0 0.0 0.0 0.0 1.0 ! amobi10X
0.0 0.0 0.0 0.0 0.0 0.0 0.0 0.0 0.0 0.0  0.0 0.0 0.0 0.0 0.0 1.0 ! amobi11X
0.0 0.0 0.0 0.0 0.0 0.0 0.0 0.0 0.0 0.0  0.0 0.0 0.0 0.0 0.0 1.0 ! amobi12X
0.0 0.0 0.0 0.0 0.0 0.0 0.0 0.0 0.0 0.0  0.0 0.0 0.0 0.0 0.0 1.0 ! amobi13X
0.0 0.0 0.0 0.0 0.0 0.0 0.0 0.0 0.0 0.0  0.0 0.0 0.0 0.0 0.0 1.0 ! amobi14X
0.0 0.0 0.0 0.0 0.0 0.0 0.0 0.0 0.0 0.0  0.0 0.0 0.0 0.0 0.0 1.0 ! lower triangular matrix is dummy
1.0 1.0 1.0 1.0 1.0 1.0 1.0 1.0 1.0 1.0  1.0 1.0 1.0 1.0 1.0 0.0 ! amobi(GNP-1)1,...amobi(GNP-1)(GNP-1)
! ---------- interatomic interaction, E0 [J/mol]
 0.0  0.0  0.0  0.0  0.0  0.0  0.0  0.0  0.0  0.0   0.0  0.0  0.0  0.0  0.0  5e2 ! E011,..., E01(GNP-1)
 0.0  0.0  0.0  0.0  0.0  0.0  0.0  0.0  0.0  0.0   0.0  0.0  0.0  0.0  0.0  5e2 ! E02X
 0.0  0.0  0.0  0.0  0.0  0.0  0.0  0.0  0.0  0.0   0.0  0.0  0.0  0.0  0.0  5e2 ! E03X
 0.0  0.0  0.0  0.0  0.0  0.0  0.0  0.0  0.0  0.0   0.0  0.0  0.0  0.0  0.0  5e2 ! E04X
 0.0  0.0  0.0  0.0  0.0  0.0  0.0  0.0  0.0  0.0   0.0  0.0  0.0  0.0  0.0  5e2 ! E05X
 0.0  0.0  0.0  0.0  0.0  0.0  0.0  0.0  0.0  0.0   0.0  0.0  0.0  0.0  0.0  5e2 ! E06X
 0.0  0.0  0.0  0.0  0.0  0.0  0.0  0.0  0.0  0.0   0.0  0.0  0.0  0.0  0.0  5e2 ! E07X
 0.0  0.0  0.0  0.0  0.0  0.0  0.0  0.0  0.0  0.0   0.0  0.0  0.0  0.0  0.0  5e2 ! E08X
 0.0  0.0  0.0  0.0  0.0  0.0  0.0  0.0  0.0  0.0   0.0  0.0  0.0  0.0  0.0  5e2 ! E09X
 0.0  0.0  0.0  0.0  0.0  0.0  0.0  0.0  0.0  0.0   0.0  0.0  0.0  0.0  0.0  5e2 ! E010X
 0.0  0.0  0.0  0.0  0.0  0.0  0.0  0.0  0.0  0.0   0.0  0.0  0.0  0.0  0.0  5e2 ! E011X
 0.0  0.0  0.0  0.0  0.0  0.0  0.0  0.0  0.0  0.0   0.0  0.0  0.0  0.0  0.0  5e2 ! E012X
 0.0  0.0  0.0  0.0  0.0  0.0  0.0  0.0  0.0  0.0   0.0  0.0  0.0  0.0  0.0  5e2 ! E013X
 0.0  0.0  0.0  0.0  0.0  0.0  0.0  0.0  0.0  0.0   0.0  0.0  0.0  0.0  0.0  5e2 ! E014X
 0.0  0.0  0.0  0.0  0.0  0.0  0.0  0.0  0.0  0.0   0.0  0.0  0.0  0.0  0.0  5e2 !lower triangular matrix is dummy
-5e2 -5e2 -5e2 -5e2 -5e2 -5e2 -5e2 -5e2 -5e2 -5e2  -5e2 -5e2 -5e2 -5e2 -5e2  0.0 ! E0(GNP-1)1,...,E0(GNP-1)(GNP-1)
! ---------- latent entropy Sij=Lij/Trij [J/mol/K], latent heat Lij, E0ij=-Sij*(temp-(mij*(c-crij)+Trij))
 0.0  1.0  1.0  1.0  1.0  1.0  1.0  1.0  1.0  1.0   1.0  1.0  1.0  1.0  1.0  5.0 ! L011, L012,..., L01(GNP-1)
-1.0  0.0  1.0  1.0  1.0  1.0  1.0  1.0  1.0  1.0   1.0  1.0  1.0  1.0  1.0  5.0 ! L02X
-1.0 -1.0  0.0  1.0  1.0  1.0  1.0  1.0  1.0  1.0   1.0  1.0  1.0  1.0  1.0  5.0 ! L03X
-1.0 -1.0 -1.0  0.0  1.0  1.0  1.0  1.0  1.0  1.0   1.0  1.0  1.0  1.0  1.0  5.0 ! L04X
-1.0 -1.0 -1.0 -1.0  0.0  1.0  1.0  1.0  1.0  1.0   1.0  1.0  1.0  1.0  1.0  5.0 ! L05X
-1.0 -1.0 -1.0 -1.0 -1.0  0.0  1.0  1.0  1.0  1.0   1.0  1.0  1.0  1.0  1.0  5.0 ! L06X
-1.0 -1.0 -1.0 -1.0 -1.0 -1.0  0.0  1.0  1.0  1.0   1.0  1.0  1.0  1.0  1.0  5.0 ! L07X
-1.0 -1.0 -1.0 -1.0 -1.0 -1.0 -1.0  0.0  1.0  1.0   1.0  1.0  1.0  1.0  1.0  5.0 ! L08X
-1.0 -1.0 -1.0 -1.0 -1.0 -1.0 -1.0 -1.0  0.0  1.0   1.0  1.0  1.0  1.0  1.0  5.0 ! L09X
-1.0 -1.0 -1.0 -1.0 -1.0 -1.0 -1.0 -1.0 -1.0  0.0   1.0  1.0  1.0  1.0  1.0  5.0 ! L010X
-1.0 -1.0 -1.0 -1.0 -1.0 -1.0 -1.0 -1.0 -1.0 -1.0   0.0  1.0  1.0  1.0  1.0  5.0 ! L011X
-1.0 -1.0 -1.0 -1.0 -1.0 -1.0 -1.0 -1.0 -1.0 -1.0  -1.0  0.0  1.0  1.0  1.0  5.0 ! L012X
-1.0 -1.0 -1.0 -1.0 -1.0 -1.0 -1.0 -1.0 -1.0 -1.0  -1.0 -1.0  0.0  1.0  1.0  5.0 ! L013X
-1.0 -1.0 -1.0 -1.0 -1.0 -1.0 -1.0 -1.0 -1.0 -1.0  -1.0 -1.0 -1.0  0.0  1.0  5.0 ! L014X
-1.0 -1.0 -1.0 -1.0 -1.0 -1.0 -1.0 -1.0 -1.0 -1.0  -1.0 -1.0 -1.0 -1.0  0.0  5.0 ! L015X
-5.0 -5.0 -5.0 -5.0 -5.0 -5.0 -5.0 -5.0 -5.0 -5.0  -5.0 -5.0 -5.0 -5.0 -5.0  0.0 ! L0(GNP-1)1,..., L0(GNP-1)(GNP-1)
! ---------- The slope of each line (linear approximation) in the phase diagram, mij
  0.0  -1.0  -1.0  -1.0  -1.0  -1.0  -1.0  -1.0  -1.0  -1.0    -1.0  -1.0  -1.0  -1.0  -1.0  -10.0 ! m11,,.., m1(GNP-1)
 -1.0   0.0  -1.0  -1.0  -1.0  -1.0  -1.0  -1.0  -1.0  -1.0    -1.0  -1.0  -1.0  -1.0  -1.0  -10.0 ! m2X
 -1.0  -1.0   0.0  -1.0  -1.0  -1.0  -1.0  -1.0  -1.0  -1.0    -1.0  -1.0  -1.0  -1.0  -1.0  -10.0 ! m3X
 -1.0  -1.0  -1.0   0.0  -1.0  -1.0  -1.0  -1.0  -1.0  -1.0    -1.0  -1.0  -1.0  -1.0  -1.0  -10.0 ! m4X
 -1.0  -1.0  -1.0  -1.0   0.0  -1.0  -1.0  -1.0  -1.0  -1.0    -1.0  -1.0  -1.0  -1.0  -1.0  -10.0 ! m5X
 -1.0  -1.0  -1.0  -1.0  -1.0   0.0  -1.0  -1.0  -1.0  -1.0    -1.0  -1.0  -1.0  -1.0  -1.0  -10.0 ! m6X
 -1.0  -1.0  -1.0  -1.0  -1.0  -1.0   0.0  -1.0  -1.0  -1.0    -1.0  -1.0  -1.0  -1.0  -1.0  -10.0 ! m7X
 -1.0  -1.0  -1.0  -1.0  -1.0  -1.0  -1.0   0.0  -1.0  -1.0    -1.0  -1.0  -1.0  -1.0  -1.0  -10.0 ! m8X
 -1.0  -1.0  -1.0  -1.0  -1.0  -1.0  -1.0  -1.0   0.0  -1.0    -1.0  -1.0  -1.0  -1.0  -1.0  -10.0 ! m9X
 -1.0  -1.0  -1.0  -1.0  -1.0  -1.0  -1.0  -1.0  -1.0   0.0    -1.0  -1.0  -1.0  -1.0  -1.0  -10.0 ! m10X
 -1.0  -1.0  -1.0  -1.0  -1.0  -1.0  -1.0  -1.0  -1.0  -1.0     0.0  -1.0  -1.0  -1.0  -1.0  -10.0 ! m11X
 -1.0  -1.0  -1.0  -1.0  -1.0  -1.0  -1.0  -1.0  -1.0  -1.0    -1.0   0.0  -1.0  -1.0  -1.0  -10.0 ! m12X
 -1.0  -1.0  -1.0  -1.0  -1.0  -1.0  -1.0  -1.0  -1.0  -1.0    -1.0  -1.0   0.0  -1.0  -1.0  -10.0 ! m13X
 -1.0  -1.0  -1.0  -1.0  -1.0  -1.0  -1.0  -1.0  -1.0  -1.0    -1.0  -1.0  -1.0   0.0  -1.0  -10.0 ! m14X
 -1.0  -1.0  -1.0  -1.0  -1.0  -1.0  -1.0  -1.0  -1.0  -1.0    -1.0  -1.0  -1.0  -1.0   0.0  -10.0 ! m15X
-10.0 -10.0 -10.0 -10.0 -10.0 -10.0 -10.0 -10.0 -10.0 -10.0   -10.0 -10.0 -10.0 -10.0 -10.0    0.0 ! m(GNP-1)1,..
! ---------- Reference concentration, crij (chemical driving force, E0ij=-Sij*(temp-(mij*(c-crij)+Trij)))
0.0 0.8 0.8 0.8 0.8 0.8 0.8 0.8 0.8 0.8    0.8 0.8 0.8 0.8 0.8 0.8 ! cr11, cr12,..., cr1(GNP-1)
0.2 0.0 0.8 0.8 0.8 0.8 0.8 0.8 0.8 0.8    0.8 0.8 0.8 0.8 0.8 0.8 ! cr2X
0.2 0.2 0.0 0.8 0.8 0.8 0.8 0.8 0.8 0.8    0.8 0.8 0.8 0.8 0.8 0.8 ! cr3X
0.2 0.2 0.2 0.0 0.8 0.8 0.8 0.8 0.8 0.8    0.8 0.8 0.8 0.8 0.8 0.8 ! cr4X
0.2 0.2 0.2 0.2 0.0 0.8 0.8 0.8 0.8 0.8    0.8 0.8 0.8 0.8 0.8 0.8 ! cr5X
0.2 0.2 0.2 0.2 0.2 0.0 0.8 0.8 0.8 0.8    0.8 0.8 0.8 0.8 0.8 0.8 ! cr6X
0.2 0.2 0.2 0.2 0.2 0.2 0.0 0.8 0.8 0.8    0.8 0.8 0.8 0.8 0.8 0.8 ! cr7X
0.2 0.2 0.2 0.2 0.2 0.2 0.2 0.0 0.8 0.8    0.8 0.8 0.8 0.8 0.8 0.8 ! cr8X
0.2 0.2 0.2 0.2 0.2 0.2 0.2 0.2 0.0 0.8    0.8 0.8 0.8 0.8 0.8 0.8 ! cr9X
0.2 0.2 0.2 0.2 0.2 0.2 0.2 0.2 0.2 0.0    0.8 0.8 0.8 0.8 0.8 0.8 ! cr10X
0.2 0.2 0.2 0.2 0.2 0.2 0.2 0.2 0.2 0.2    0.0 0.8 0.8 0.8 0.8 0.8 ! cr11X
0.2 0.2 0.2 0.2 0.2 0.2 0.2 0.2 0.2 0.2    0.2 0.0 0.8 0.8 0.8 0.8 ! cr12X
0.2 0.2 0.2 0.2 0.2 0.2 0.2 0.2 0.2 0.2    0.2 0.2 0.0 0.8 0.8 0.8 ! cr13X
0.2 0.2 0.2 0.2 0.2 0.2 0.2 0.2 0.2 0.2    0.2 0.2 0.2 0.0 0.8 0.8 ! cr14X
0.2 0.2 0.2 0.2 0.2 0.2 0.2 0.2 0.2 0.2    0.2 0.2 0.2 0.2 0.0 0.8 ! cr15X
0.2 0.2 0.2 0.2 0.2 0.2 0.2 0.2 0.2 0.2    0.2 0.2 0.2 0.2 0.2 0.0 ! cr(GNP-1)1,..., cr(GNP-1)(GNP-1)
! ---------- Reference temperature, Trij (chemical driving force, E0ij=-Sij*(temp-(mij*(c-crij)+Trij)))
  0.0 950.0 950.0 950.0 950.0 950.0 950.0 950.0 950.0 950.0  950.0 950.0 950.0 950.0 950.0 950.0 ! Tr11,...,Tr1(GNP-1)
950.0   0.0 950.0 950.0 950.0 950.0 950.0 950.0 950.0 950.0  950.0 950.0 950.0 950.0 950.0 950.0 ! Tr2X
950.0 950.0   0.0 950.0 950.0 950.0 950.0 950.0 950.0 950.0  950.0 950.0 950.0 950.0 950.0 950.0 ! Tr3X
950.0 950.0 950.0   0.0 950.0 950.0 950.0 950.0 950.0 950.0  950.0 950.0 950.0 950.0 950.0 950.0 ! Tr4X
950.0 950.0 950.0 950.0   0.0 950.0 950.0 950.0 950.0 950.0  950.0 950.0 950.0 950.0 950.0 950.0 ! Tr5X
950.0 950.0 950.0 950.0 950.0   0.0 950.0 950.0 950.0 950.0  950.0 950.0 950.0 950.0 950.0 950.0 ! Tr6X
950.0 950.0 950.0 950.0 950.0 950.0   0.0 950.0 950.0 950.0  950.0 950.0 950.0 950.0 950.0 950.0 ! Tr7X
950.0 950.0 950.0 950.0 950.0 950.0 950.0   0.0 950.0 950.0  950.0 950.0 950.0 950.0 950.0 950.0 ! Tr8X
950.0 950.0 950.0 950.0 950.0 950.0 950.0 950.0   0.0 950.0  950.0 950.0 950.0 950.0 950.0 950.0 ! Tr9X
950.0 950.0 950.0 950.0 950.0 950.0 950.0 950.0 950.0   0.0  950.0 950.0 950.0 950.0 950.0 950.0 ! Tr10X
950.0 950.0 950.0 950.0 950.0 950.0 950.0 950.0 950.0 950.0    0.0 950.0 950.0 950.0 950.0 950.0 ! Tr11X
950.0 950.0 950.0 950.0 950.0 950.0 950.0 950.0 950.0 950.0  950.0   0.0 950.0 950.0 950.0 950.0 ! Tr12X
950.0 950.0 950.0 950.0 950.0 950.0 950.0 950.0 950.0 950.0  950.0 950.0   0.0 950.0 950.0 950.0 ! Tr13X
950.0 950.0 950.0 950.0 950.0 950.0 950.0 950.0 950.0 950.0  950.0 950.0 950.0   0.0 950.0 950.0 ! Tr14X
950.0 950.0 950.0 950.0 950.0 950.0 950.0 950.0 950.0 950.0  950.0 950.0 950.0 950.0   0.0 950.0 ! Tr15sX
950.0 950.0 950.0 950.0 950.0 950.0 950.0 950.0 950.0 950.0  950.0 950.0 950.0 950.0 950.0   0.0 ! Tr(GNP-1)1
! ---------- concentration, cij. cii=concentration of No.ph
0.8 0.0 0.0 0.0 0.0 0.0 0.0 0.0 0.0 0.0  0.0 0.0 0.0 0.0 0.0 0.0 ! diagonal terms only
0.0 0.5 0.0 0.0 0.0 0.0 0.0 0.0 0.0 0.0  0.0 0.0 0.0 0.0 0.0 0.0 ! off-diagonal terms are dummies
0.0 0.0 0.2 0.0 0.0 0.0 0.0 0.0 0.0 0.0  0.0 0.0 0.0 0.0 0.0 0.0 ! c3X
0.0 0.0 0.0 0.7 0.0 0.0 0.0 0.0 0.0 0.0  0.0 0.0 0.0 0.0 0.0 0.0 ! c4X
0.0 0.0 0.0 0.0 0.2 0.0 0.0 0.0 0.0 0.0  0.0 0.0 0.0 0.0 0.0 0.0 ! c5X
0.0 0.0 0.0 0.0 0.0 0.3 0.0 0.0 0.0 0.0  0.0 0.0 0.0 0.0 0.0 0.0 ! c6X
0.0 0.0 0.0 0.0 0.0 0.0 0.4 0.0 0.0 0.0  0.0 0.0 0.0 0.0 0.0 0.0 ! c7X
0.0 0.0 0.0 0.0 0.0 0.0 0.0 0.9 0.0 0.0  0.0 0.0 0.0 0.0 0.0 0.0 ! c8X
0.0 0.0 0.0 0.0 0.0 0.0 0.0 0.0 0.1 0.0  0.0 0.0 0.0 0.0 0.0 0.0 ! c9X
0.0 0.0 0.0 0.0 0.0 0.0 0.0 0.0 0.0 0.2  0.0 0.0 0.0 0.0 0.0 0.0 ! c10X
0.0 0.0 0.0 0.0 0.0 0.0 0.0 0.0 0.0 0.0  0.4 0.0 0.0 0.0 0.0 0.0 ! c11X
0.0 0.0 0.0 0.0 0.0 0.0 0.0 0.0 0.0 0.0  0.0 0.5 0.0 0.0 0.0 0.0 ! c12X
0.0 0.0 0.0 0.0 0.0 0.0 0.0 0.0 0.0 0.0  0.0 0.0 0.6 0.0 0.0 0.0 ! c13X
0.0 0.0 0.0 0.0 0.0 0.0 0.0 0.0 0.0 0.0  0.0 0.0 0.0 0.8 0.0 0.0 ! c14X
0.0 0.0 0.0 0.0 0.0 0.0 0.0 0.0 0.0 0.0  0.0 0.0 0.0 0.0 0.5 0.0 ! c15X
0.0 0.0 0.0 0.0 0.0 0.0 0.0 0.0 0.0 0.0  0.0 0.0 0.0 0.0 0.0 0.5 ! c16X
! ---------- end
